1 25544U 98067A   14115.56725775  .00029786  00000-0  51962-3 0  1569
2 25544 051.6503 000.3600 0004350 330.6035 098.4955 15.50443235883161
1 25544U 98067A   14115.76175567  .00029278  00000-0  51132-3 0  1575
2 25544 051.6484 359.4020 0003479 325.8669 109.4554 15.50425117883193
1 25544U 98067A   14115.89697260  .00014850  00000-0  26380-3 0  1586
2 25544 051.6480 358.7319 0003824 323.1594 147.3618 15.50413154883217
1 25544U 98067A   14116.03121723  .00016931  00000-0  29951-3 0  1599
2 25544 051.6483 358.0660 0003801 324.0234 176.2830 15.50420783883233
1 25544U 98067A   14116.14914413  .00017632  00000-0  31149-3 0  1600
2 25544 051.6485 357.4818 0003826 324.6857 114.2680 15.50426133883259
1 25544U 98067A   14116.21647226  .00018454  00000-0  32557-3 0  1611
2 25544 051.6485 357.1482 0003846 325.1619 129.8361 15.50430092883265
1 25544U 98067A   14116.28281373  .00017479  00000-0  30882-3 0  1621
2 25544 051.6489 356.8190 0003851 324.4235 141.1066 15.50431168883278
1 25544U 98067A   14116.53401730  .00018373  00000-0  32404-3 0  1637
2 25544 051.6490 355.5716 0003845 327.7517 100.8175 15.50441835883312
1 25544U 98067A   14116.53401730  .00018373  00000-0  32404-3 0  1648
2 25544 051.6490 355.5716 0003845 327.7517 100.8175 15.50441835883312
1 25544U 98067A   14116.79693644  .00018894  00000-0  33286-3 0  1651
2 25544 051.6493 354.2666 0003847 326.9156 130.1375 15.50453189883354
1 25544U 98067A   14116.86265008  .00000627  00000-0  18725-4 0  1666
2 25544 051.6487 353.9446 0004101 326.6906 137.3707 15.50432421883368
1 25544U 98067A   14117.12838271  .00000627  00000-0  18725-4 0  1675
2 25544 051.6489 352.6287 0003878 334.0197 174.2382 15.50438152883405
1 25544U 98067A   14117.19238756 -.00001076  00000-0 -10632-4 0  1685
2 25544 051.6482 352.3128 0004401 335.0321 170.7183 15.50457308883417
1 25544U 98067A   14117.24901859 -.00020284  00000-0 -34273-3 0  1691
2 25544 051.6486 352.0318 0004344 334.7671 127.2832 15.50446903883427
1 25544U 98067A   14117.56769931 -.00020243  00000-0 -34273-3 0  1706
2 25544 051.6510 350.4463 0004133 317.4265 124.4702 15.50389886883477
1 25544U 98067A   14117.56769931 -.00020243  00000-0 -34273-3 0  1717
2 25544 051.6510 350.4463 0004133 317.4265 124.4702 15.50389886883477
1 25544U 98067A   14117.76720258 -.00020250  00000-0 -34273-3 0  1727
2 25544 051.6510 349.4577 0003671 300.7341 175.5012 15.50402225883505
1 25544U 98067A   14117.89529707 -.00020258  00000-0 -34273-3 0  1736
2 25544 051.6519 348.8316 0003707 318.6310 153.0552 15.50413075883529
1 25544U 98067A   14118.03076789 -.00020284  00000-0 -34273-3 0  1740
2 25544 051.6499 348.1565 0003363 335.9928 172.3995 15.50452178883544
1 25544U 98067A   14118.09746076 -.00020290  00000-0 -34273-3 0  1757
2 25544 051.6496 347.8249 0004142 337.7835 183.1121 15.50456238883552
1 25544U 98067A   14118.21538315 -.00020297  00000-0 -34273-3 0  1764
2 25544 051.6444 347.2474 0004006 336.3519 123.1865 15.50466104883576
1 25544U 98067A   14118.46658352  .00001068  00000-0  26301-4 0  1773
2 25544 051.6445 346.0015 0003952 337.3491 085.2460 15.50475095883617
1 25544U 98067A   14118.53614772  .00001068  00000-0  26301-4 0  1780
2 25544 051.6526 345.6489 0004053 331.7224 119.4258 15.50476737883622
1 25544U 98067A   14118.53614772  .00001068  00000-0  26301-4 0  1791
2 25544 051.6526 345.6489 0004053 331.7224 119.4258 15.50476737883622
1 25544U 98067A   14118.86146128  .00001067  00000-0  26301-4 0  1803
2 25544 051.6484 344.0364 0004662 337.4773 130.6472 15.50466104883673
1 25544U 98067A   14119.24797578  .00001068  00000-0  26301-4 0  1819
2 25544 051.6663 342.1088 0004646 339.3080 127.7038 15.50493635883739
1 25544U 98067A   14119.24797578  .00001068  00000-0  26301-4 0  1820
2 25544 051.6663 342.1088 0004646 339.3080 127.7038 15.50493635883739
1 25544U 98067A   14119.82565612  .00010059  00000-0  18550-3 0  1833
2 25544 051.6494 339.2555 0001877 284.8389 167.4550 15.49767166883827
1 25544U 98067A   14119.88768595  .00010063  00000-0  18550-3 0  1840
2 25544 051.6498 338.9491 0001962 286.5744 152.0238 15.49777516883839
1 25544U 98067A   14120.14882120  .00010063  00000-0  18550-3 0  1853
2 25544 051.6482 337.6581 0002082 297.8945 158.5812 15.49776519883875
1 25544U 98067A   14120.21463258  .00010062  00000-0  18550-3 0  1868
2 25544 051.6456 337.3318 0001879 301.9682 161.9208 15.49774045883889
1 25544U 98067A   14120.21463258  .00010063  00000-0  18550-3 0  1870
2 25544 051.6513 337.3358 0001912 292.0865 171.8048 15.49777031883888
1 25544U 98067A   14120.21463258  .00010063  00000-0  18550-3 0  1881
2 25544 051.6513 337.3358 0001912 292.0865 171.8048 15.49777031883888
1 25544U 98067A   14120.66648873 -.00005371  00000-0 -86960-4 0  1898
2 25544 051.6509 335.0945 0002015 292.9256 173.6067 15.49764430883956
1 25544U 98067A   14120.73347404 -.00004888  00000-0 -78416-4 0  1903
2 25544 051.6510 334.7629 0002018 292.4706 188.0311 15.49764646883963
1 25544U 98067A   14120.79046366 -.00014610  00000-0 -25072-3 0  1916
2 25544 051.6501 334.4790 0002228 278.2494 160.4149 15.49753229883977
1 25544U 98067A   14120.85736235  .00002030  00000-0  43847-4 0  1927
2 25544 051.6511 334.1515 0001890 292.2707 159.8856 15.49772600883989
1 25544U 98067A   14121.12496603  .00002031  00000-0  43847-4 0  1932
2 25544 051.6496 332.8258 0001509 296.5495 209.6163 15.49776614884028
1 25544U 98067A   14121.18167975  .00002031  00000-0  43847-4 0  1946
2 25544 051.6465 332.5483 0002082 315.6023 147.1925 15.49791359884034
1 25544U 98067A   14121.18167975  .00002031  00000-0  43847-4 0  1957
2 25544 051.6465 332.5483 0002082 315.6023 147.1925 15.49791359884034
1 25544U 98067A   14121.29225544  .00010245  00000-0  18050-3 0  1959
2 25544 051.6466 332.0021 0002171 300.2017 059.9276 15.49791157884057
1 25544U 98067A   14121.75737381 -.00006135  00000-0 -10042-3 0  1966
2 25544 051.6471 329.6952 0001983 294.8303 142.0193 15.49781028884120
1 25544U 98067A   14121.89616942 -.00006132  00000-0 -10042-3 0  1967
2 25544 051.6492 329.0092 0002215 283.9451 207.7715 15.49767528884144
1 25544U 98067A   14122.09182573 -.00006132  00000-0 -10042-3 0  1979
2 25544 051.6497 328.0403 0002368 299.1608 204.8772 15.49766561884176
1 25544U 98067A   14122.39958642 -.00006134  00000-0 -10042-3 0  1983
2 25544 051.6463 326.5143 0002046 317.8171 104.4458 15.49778223884229
1 25544U 98067A   14122.46653972 -.00006135  00000-0 -10042-3 0  1991
2 25544 051.6479 326.1819 0002159 319.6825 116.3783 15.49778885884231
1 25544U 98067A   14122.46653972 -.00006135  00000-0 -10042-3 0  2004
2 25544 051.6479 326.1819 0002159 319.6825 116.3783 15.49778885884231
1 25544U 98067A   14122.59948867 -.00006135  00000-0 -10042-3 0  2019
2 25544 051.6474 325.5221 0002530 329.3158 128.9928 15.49779978884252
1 25544U 98067A   14122.79217813 -.00005533  00000-0 -89730-4 0  2024
2 25544 051.6475 324.5690 0001791 298.3825 155.7503 15.49795689884283
1 25544U 98067A   14122.85427870 -.00004733  00000-0 -75589-4 0  2036
2 25544 051.6476 324.2614 0001782 299.3363 141.5016 15.49796166884299
